13 0.848387 0.894477 0.225806 0.021696
14 0.206452 0.414201 0.361290 0.067061
15 0.219355 0.354043 0.380645 0.021696
2 0.219355 0.354043 0.380645 0.021696
3 0.893548 0.110454 0.129032 0.015779
4 0.877419 0.048323 0.167742 0.013807
5 0.903226 0.850099 0.116129 0.015779
6 0.909677 0.585799 0.103226 0.015779
7 0.183871 0.586785 0.309677 0.017751
7 0.088710 0.608481 0.112903 0.017751
6 0.909677 0.682446 0.103226 0.015779
7 0.174194 0.683432 0.290323 0.017751
7 0.087097 0.704142 0.116129 0.015779
18 0.903226 0.781065 0.116129 0.015779
19 0.909677 0.808679 0.103226 0.015779
9 0.208065 0.231755 0.358065 0.041420
10 0.235484 0.159763 0.412903 0.086785
11 0.143548 0.055227 0.145161 0.047337
