13 0.841693 0.884766 0.216301 0.019531
14 0.208464 0.409180 0.322884 0.068359
15 0.194357 0.350586 0.294671 0.017578
2 0.194357 0.350586 0.294671 0.017578
3 0.882445 0.107422 0.134796 0.015625
4 0.868339 0.046875 0.163009 0.015625
5 0.896552 0.839844 0.112853 0.015625
6 0.902821 0.580078 0.100313 0.015625
7 0.184953 0.581055 0.275862 0.017578
7 0.097179 0.602539 0.100313 0.017578
6 0.902821 0.674805 0.100313 0.013672
7 0.188088 0.675781 0.282132 0.019531
7 0.103448 0.696289 0.112853 0.017578
18 0.896552 0.773438 0.112853 0.015625
19 0.902821 0.798828 0.100313 0.015625
9 0.222571 0.229492 0.351097 0.041016
10 0.249216 0.156250 0.404389 0.085938
11 0.161442 0.054688 0.147335 0.046875
