13 0.219187 0.874845 0.072427 0.017348
0 0.722363 0.289343 0.430750 0.065675
1 0.550826 0.236059 0.085133 0.018587
2 0.550826 0.236059 0.085133 0.018587
3 0.164549 0.099752 0.085133 0.018587
4 0.129606 0.047088 0.012706 0.017348
5 0.921220 0.726146 0.104193 0.017348
6 0.939009 0.422553 0.066074 0.017348
7 0.110546 0.422553 0.068615 0.017348
16 0.462516 0.422553 0.007624 0.014870
24 0.841804 0.422553 0.034307 0.014870
21 0.750953 0.422553 0.010165 0.014870
17 0.548920 0.422553 0.066074 0.017348
6 0.945997 0.459108 0.052097 0.016109
7 0.123888 0.459727 0.095299 0.017348
16 0.461881 0.459727 0.008895 0.014870
24 0.841804 0.459727 0.034307 0.014870
21 0.750953 0.459727 0.010165 0.014870
17 0.555273 0.459108 0.050826 0.016109
6 0.945997 0.495663 0.052097 0.017348
7 0.099746 0.496902 0.044473 0.017348
16 0.462516 0.495663 0.010165 0.014870
24 0.841804 0.495663 0.034307 0.017348
21 0.750318 0.495663 0.011436 0.017348
17 0.555273 0.495663 0.053367 0.017348
6 0.945997 0.532218 0.052097 0.016109
7 0.128335 0.532218 0.101652 0.021066
16 0.462516 0.532838 0.010165 0.014870
24 0.841804 0.532218 0.034307 0.016109
21 0.750318 0.533457 0.011436 0.016109
17 0.555273 0.532218 0.050826 0.016109
18 0.921855 0.655514 0.105464 0.017348
19 0.935832 0.691450 0.074968 0.019827
9 0.125794 0.288724 0.190597 0.064436
10 0.080686 0.236059 0.100381 0.018587
11 0.080686 0.236059 0.100381 0.018587
12 0.142948 0.340149 0.113088 0.018587
