13 0.226190 0.850000 0.071429 0.020000
0 0.717262 0.284286 0.419643 0.060000
1 0.543155 0.232857 0.077381 0.014286
2 0.543155 0.232857 0.077381 0.014286
3 0.173363 0.104286 0.084821 0.017143
4 0.138393 0.052857 0.011905 0.017143
5 0.911458 0.706429 0.105655 0.018571
6 0.933780 0.413571 0.052083 0.015714
7 0.107887 0.414286 0.043155 0.017143
16 0.468750 0.413571 0.008929 0.012857
24 0.831101 0.414286 0.034226 0.014286
21 0.742560 0.414286 0.008929 0.014286
17 0.548363 0.413571 0.052083 0.015714
6 0.934524 0.447857 0.053571 0.015714
7 0.123512 0.447857 0.074405 0.021429
16 0.468750 0.448571 0.008929 0.014286
24 0.831101 0.447857 0.034226 0.015714
21 0.742560 0.448571 0.008929 0.014286
17 0.548363 0.447857 0.052083 0.015714
6 0.934524 0.483571 0.050595 0.015714
7 0.137649 0.482143 0.102679 0.021429
16 0.468750 0.484286 0.008929 0.014286
24 0.831101 0.484286 0.034226 0.014286
21 0.741815 0.483571 0.010417 0.012857
17 0.549107 0.484286 0.050595 0.014286
6 0.933780 0.520000 0.055060 0.014286
7 0.109375 0.520714 0.046131 0.012857
16 0.468750 0.520000 0.008929 0.014286
24 0.831101 0.520000 0.034226 0.014286
21 0.742560 0.520000 0.008929 0.014286
17 0.549107 0.519286 0.050595 0.015714
18 0.910714 0.637857 0.104167 0.018571
19 0.926339 0.672857 0.072917 0.017143
9 0.133929 0.283571 0.184524 0.061429
10 0.091518 0.232857 0.099702 0.017143
11 0.091518 0.232857 0.099702 0.017143
12 0.151786 0.335000 0.110119 0.018571
