13 0.221634 0.870044 0.074130 0.016153
0 0.720877 0.290015 0.425113 0.063142
1 0.545386 0.236417 0.074130 0.017621
2 0.545386 0.236417 0.074130 0.017621
3 0.167927 0.104258 0.084720 0.017621
4 0.133888 0.050661 0.013616 0.016153
5 0.917549 0.723935 0.104387 0.020558
6 0.935703 0.422173 0.065053 0.016153
7 0.116490 0.422173 0.066566 0.019090
16 0.462935 0.422907 0.009077 0.014684
24 0.838880 0.422907 0.034796 0.014684
21 0.748865 0.422907 0.012103 0.014684
17 0.547655 0.422907 0.066566 0.017621
6 0.943268 0.457416 0.049924 0.016153
7 0.128593 0.458150 0.090772 0.017621
16 0.462935 0.458150 0.009077 0.014684
24 0.838880 0.457416 0.034796 0.016153
21 0.749622 0.458150 0.010590 0.014684
17 0.555219 0.457416 0.051437 0.016153
6 0.943268 0.494126 0.049924 0.016153
7 0.104387 0.495595 0.045386 0.016153
16 0.462935 0.494860 0.009077 0.014684
24 0.839637 0.494860 0.033283 0.014684
21 0.748865 0.494860 0.012103 0.014684
17 0.555219 0.494860 0.051437 0.017621
6 0.943268 0.530837 0.049924 0.016153
7 0.132375 0.529369 0.101362 0.022026
16 0.462179 0.531571 0.007564 0.014684
24 0.838880 0.530837 0.034796 0.016153
21 0.749622 0.531571 0.010590 0.014684
17 0.555219 0.530837 0.051437 0.016153
18 0.917549 0.653451 0.104387 0.017621
19 0.838880 0.603524 0.034796 0.014684
9 0.128593 0.290015 0.187595 0.063142
10 0.083964 0.235683 0.098336 0.019090
11 0.083964 0.235683 0.098336 0.019090
12 0.147504 0.342144 0.113464 0.017621
