13 0.880113 0.902558 0.172073 0.019488
14 0.103667 0.425091 0.122708 0.075518
15 0.145275 0.359927 0.205924 0.025579
2 0.145275 0.359927 0.205924 0.025579
3 0.916079 0.130329 0.100141 0.017052
4 0.927362 0.065164 0.080395 0.015834
5 0.923131 0.851401 0.086037 0.017052
6 0.934415 0.629111 0.063470 0.015834
7 0.126939 0.641291 0.169252 0.037759
16 0.837094 0.629111 0.021157 0.013398
17 0.743300 0.629111 0.053597 0.015834
6 0.923131 0.698538 0.086037 0.015834
7 0.099436 0.710719 0.114245 0.040195
16 0.842031 0.697929 0.011283 0.014616
17 0.732017 0.698538 0.076164 0.015834
18 0.923131 0.774665 0.086037 0.017052
19 0.934415 0.806943 0.063470 0.015834
9 0.463329 0.154689 0.283498 0.041413
10 0.478138 0.070646 0.313117 0.092570
11 0.218618 0.129720 0.152327 0.037759
