13 0.891236 0.735018 0.173709 0.017626
14 0.177621 0.313161 0.267606 0.064630
15 0.241002 0.254407 0.391236 0.019976
2 0.241002 0.254407 0.391236 0.019976
3 0.924100 0.115746 0.107981 0.015276
4 0.942879 0.055817 0.070423 0.015276
5 0.934272 0.691539 0.087637 0.015276
6 0.934272 0.555817 0.087637 0.014101
7 0.248826 0.532902 0.406886 0.099882
16 0.852895 0.491187 0.012520 0.011751
17 0.741784 0.491774 0.078247 0.015276
18 0.934272 0.622797 0.087637 0.014101
19 0.938967 0.647474 0.078247 0.014101
9 0.473396 0.113396 0.320814 0.038778
10 0.462441 0.054054 0.295775 0.054054
11 0.166667 0.086369 0.239437 0.116334
