13 0.871296 0.824693 0.168519 0.017735
14 0.117593 0.358799 0.153704 0.065484
15 0.131481 0.304229 0.181481 0.019100
2 0.131481 0.304229 0.181481 0.019100
3 0.905556 0.111187 0.100000 0.015007
4 0.916667 0.054570 0.077778 0.016371
5 0.912037 0.782401 0.087037 0.015007
6 0.916667 0.590041 0.077778 0.015007
7 0.112037 0.570259 0.142593 0.092769
16 0.834259 0.590723 0.012963 0.013643
17 0.723148 0.531378 0.075926 0.015007
18 0.912037 0.716917 0.087037 0.015007
19 0.924074 0.739427 0.062963 0.013643
9 0.457407 0.130286 0.281481 0.034106
10 0.473148 0.058663 0.312963 0.076398
11 0.214815 0.109823 0.148148 0.031378
