0 0.192935 0.441992 0.309783 0.084489
1 0.068841 0.387137 0.061594 0.020177
2 0.068841 0.387137 0.061594 0.020177
23 0.903986 0.472888 0.134058 0.017654
3 0.904891 0.445776 0.135870 0.016393
4 0.942029 0.107818 0.061594 0.013871
5 0.913949 0.787516 0.088768 0.013871
6 0.930254 0.555485 0.056159 0.013871
7 0.135870 0.555485 0.047101 0.013871
16 0.609601 0.556116 0.012681 0.012610
17 0.692029 0.555485 0.054348 0.013871
6 0.931159 0.609079 0.054348 0.012610
7 0.168478 0.609079 0.115942 0.015132
16 0.609601 0.608449 0.012681 0.011349
17 0.694746 0.609079 0.048913 0.012610
6 0.935688 0.662043 0.045290 0.012610
7 0.163949 0.662673 0.106884 0.016393
16 0.608696 0.662673 0.010870 0.011349
17 0.695652 0.662673 0.050725 0.013871
18 0.931159 0.716898 0.054348 0.013871
19 0.935688 0.751576 0.045290 0.012610
9 0.250000 0.310214 0.423913 0.063052
10 0.169384 0.268600 0.262681 0.015132
11 0.210145 0.123581 0.047101 0.042875
