13 0.886792 0.831950 0.173585 0.017981
14 0.118868 0.360304 0.154717 0.065007
15 0.133962 0.304288 0.184906 0.019364
2 0.133962 0.304288 0.184906 0.019364
3 0.923585 0.108575 0.100000 0.015214
4 0.933019 0.051867 0.081132 0.015214
5 0.929245 0.789073 0.088679 0.015214
6 0.933962 0.534578 0.079245 0.015214
7 0.155660 0.542877 0.228302 0.031812
16 0.849057 0.534578 0.011321 0.012448
17 0.737736 0.534578 0.079245 0.015214
6 0.934906 0.594053 0.081132 0.015214
7 0.083019 0.594744 0.083019 0.013831
16 0.845283 0.593361 0.022642 0.013831
17 0.749057 0.594053 0.056604 0.015214
6 0.941509 0.657676 0.067925 0.015214
7 0.133962 0.645228 0.184906 0.076072
16 0.844340 0.657676 0.024528 0.012448
17 0.750943 0.657676 0.060377 0.015214
18 0.934906 0.722683 0.081132 0.015214
19 0.941509 0.745505 0.067925 0.013831
9 0.464151 0.127939 0.286792 0.034578
10 0.481132 0.056017 0.316981 0.078838
11 0.218868 0.107192 0.150943 0.031812
