13 0.876047 0.701691 0.170854 0.016908
14 0.132328 0.302536 0.184255 0.061594
15 0.176717 0.246377 0.273032 0.019324
2 0.176717 0.246377 0.273032 0.019324
3 0.916248 0.114734 0.093802 0.014493
4 0.926298 0.059783 0.070352 0.013285
5 0.917923 0.660024 0.087102 0.013285
6 0.917923 0.471618 0.087102 0.013285
7 0.152429 0.511473 0.224456 0.092995
16 0.838358 0.471618 0.011725 0.010870
17 0.727806 0.532005 0.078727 0.013285
18 0.917923 0.596014 0.087102 0.013285
19 0.922948 0.618961 0.077052 0.013285
9 0.396985 0.094203 0.278057 0.060386
10 0.452261 0.036836 0.391960 0.022947
11 0.133166 0.088768 0.102178 0.042271
