0 0.209910 0.438042 0.318919 0.083024
23 0.909910 0.469021 0.140541 0.016109
3 0.912613 0.441760 0.135135 0.016109
4 0.948649 0.109046 0.059459 0.012392
5 0.917117 0.777571 0.100901 0.013631
6 0.938739 0.549566 0.057658 0.013631
7 0.175676 0.548947 0.106306 0.017348
16 0.618018 0.549566 0.014414 0.011152
21 0.803604 0.548947 0.046847 0.012392
17 0.703604 0.549566 0.048649 0.013631
6 0.937838 0.601611 0.055856 0.013631
7 0.166667 0.602850 0.084685 0.016109
16 0.618919 0.601611 0.012613 0.011152
17 0.702703 0.601611 0.046847 0.013631
6 0.939640 0.654895 0.055856 0.013631
7 0.179279 0.655514 0.113514 0.014870
16 0.618919 0.655514 0.012613 0.012392
17 0.700901 0.654275 0.054054 0.012392
18 0.934234 0.708178 0.066667 0.013631
19 0.943243 0.742875 0.045045 0.013631
9 0.261261 0.308550 0.421622 0.061958
10 0.181081 0.267658 0.261261 0.014870
11 0.221622 0.123916 0.050450 0.044610
