13 0.927071 0.936375 0.073512 0.021851
0 0.283547 0.458869 0.410735 0.025707
1 0.088098 0.336761 0.099183 0.023136
2 0.088098 0.336761 0.099183 0.023136
29 0.889148 0.371465 0.149358 0.025707
3 0.312719 0.220437 0.105018 0.024422
4 0.540257 0.143959 0.315053 0.028278
5 0.927655 0.859254 0.072345 0.021851
6 0.925321 0.652314 0.072345 0.021851
7 0.131272 0.652956 0.183197 0.023136
16 0.407235 0.652956 0.014002 0.020566
17 0.600350 0.652314 0.066511 0.021851
6 0.928821 0.696658 0.067678 0.020566
7 0.067095 0.696658 0.054842 0.023136
16 0.407235 0.696015 0.014002 0.019280
17 0.601517 0.696015 0.064177 0.021851
18 0.930572 0.787275 0.066511 0.021851
11 0.138273 0.100900 0.206534 0.124679
