13 0.931604 0.942432 0.061321 0.021992
0 0.288325 0.419146 0.517689 0.025873
1 0.079009 0.332471 0.101415 0.023286
2 0.079009 0.332471 0.101415 0.023286
3 0.344929 0.214748 0.104953 0.025873
4 0.566038 0.137775 0.301887 0.027167
5 0.932783 0.864812 0.061321 0.021992
6 0.931604 0.615136 0.061321 0.021992
7 0.122052 0.615783 0.185142 0.023286
16 0.401533 0.615783 0.012972 0.020699
17 0.601415 0.615136 0.054245 0.021992
6 0.931014 0.658473 0.060142 0.020699
7 0.119693 0.659120 0.178066 0.024580
16 0.401533 0.657827 0.012972 0.019405
17 0.602005 0.657827 0.055425 0.021992
6 0.927476 0.701164 0.067217 0.020699
7 0.057193 0.700517 0.055425 0.021992
16 0.400943 0.700517 0.014151 0.019405
17 0.598467 0.701164 0.062500 0.020699
18 0.935142 0.793661 0.056604 0.021992
11 0.128538 0.096378 0.209906 0.128072
