13 0.879845 0.887942 0.172093 0.019659
14 0.186822 0.349279 0.293023 0.072084
15 0.175194 0.283093 0.269767 0.023591
2 0.175194 0.283093 0.269767 0.023591
3 0.911628 0.129096 0.108527 0.017038
4 0.930233 0.062254 0.071318 0.017038
5 0.922481 0.838139 0.086822 0.017038
6 0.923256 0.547837 0.088372 0.015727
7 0.180620 0.560288 0.280620 0.043250
16 0.841860 0.547182 0.012403 0.014417
17 0.731783 0.547837 0.077519 0.015727
6 0.923256 0.620577 0.088372 0.017038
7 0.182171 0.630406 0.283721 0.039318
16 0.841860 0.619921 0.012403 0.015727
17 0.731783 0.620577 0.077519 0.017038
6 0.927907 0.688073 0.079070 0.015727
7 0.193023 0.699869 0.305426 0.041940
16 0.841860 0.687418 0.012403 0.014417
17 0.731783 0.688073 0.077519 0.015727
18 0.923256 0.762779 0.088372 0.015727
19 0.927132 0.794233 0.077519 0.015727
9 0.466667 0.126474 0.316279 0.043250
10 0.455039 0.060288 0.293023 0.060288
11 0.162791 0.095675 0.238760 0.123198
