0 0.195382 0.447466 0.305506 0.059333
1 0.129663 0.403585 0.174067 0.018541
2 0.129663 0.403585 0.174067 0.018541
23 0.890764 0.466007 0.136767 0.017305
3 0.894316 0.439431 0.129663 0.018541
4 0.928952 0.108158 0.060391 0.013597
5 0.896980 0.774413 0.099467 0.013597
6 0.919183 0.546972 0.055062 0.013597
7 0.184725 0.546354 0.142096 0.017305
16 0.603020 0.546972 0.012433 0.011125
24 0.785080 0.546972 0.046181 0.013597
17 0.685613 0.546972 0.046181 0.013597
6 0.919183 0.598888 0.055062 0.013597
7 0.145648 0.599506 0.063943 0.017305
16 0.603020 0.598888 0.012433 0.011125
17 0.682060 0.598269 0.056838 0.012361
6 0.919183 0.652040 0.055062 0.013597
7 0.173179 0.652040 0.119005 0.016069
16 0.603020 0.651422 0.012433 0.012361
17 0.682948 0.652040 0.055062 0.013597
18 0.913854 0.705192 0.065719 0.013597
19 0.921847 0.739184 0.046181 0.012361
9 0.249556 0.306551 0.413854 0.061805
10 0.171403 0.265760 0.257549 0.017305
11 0.210480 0.122991 0.047957 0.043263
