13 0.878676 0.893958 0.172059 0.024661
14 0.101471 0.402589 0.123529 0.075216
15 0.144118 0.340321 0.205882 0.024661
2 0.144118 0.340321 0.205882 0.024661
3 0.919853 0.117139 0.092647 0.017263
4 0.929412 0.053021 0.070588 0.017263
5 0.921324 0.844636 0.086765 0.017263
7 0.080147 0.601110 0.077941 0.016030
6 0.926471 0.601110 0.076471 0.016030
7 0.069118 0.622072 0.055882 0.016030
16 0.830882 0.600493 0.032353 0.014797
17 0.747059 0.601110 0.044118 0.016030
6 0.925735 0.668311 0.077941 0.017263
7 0.084559 0.669544 0.086765 0.017263
16 0.831618 0.668311 0.030882 0.014797
17 0.741912 0.668311 0.054412 0.014797
6 0.926471 0.715783 0.076471 0.016030
7 0.107353 0.716400 0.132353 0.017263
16 0.836029 0.715166 0.022059 0.014797
17 0.737500 0.715783 0.063235 0.016030
18 0.921324 0.770037 0.086765 0.018496
19 0.932353 0.796547 0.064706 0.017263
9 0.461029 0.140567 0.283824 0.039457
10 0.475735 0.059803 0.313235 0.090012
11 0.217647 0.117139 0.150000 0.036991
