13 0.887246 0.721384 0.173752 0.016352
14 0.134011 0.284906 0.186691 0.059119
15 0.179298 0.230189 0.277264 0.020126
2 0.179298 0.230189 0.277264 0.020126
3 0.927911 0.105031 0.096118 0.013836
4 0.939002 0.051572 0.070240 0.012579
5 0.930684 0.681132 0.086876 0.013836
6 0.930684 0.445912 0.086876 0.013836
7 0.152495 0.455975 0.219963 0.033962
16 0.849353 0.445912 0.012939 0.011321
17 0.739372 0.445912 0.081331 0.013836
6 0.931608 0.503774 0.088725 0.013836
7 0.095194 0.512579 0.105360 0.031447
16 0.849353 0.503774 0.012939 0.011321
17 0.739372 0.503774 0.081331 0.013836
6 0.931608 0.559119 0.088725 0.013836
7 0.154344 0.569811 0.227357 0.035220
16 0.844732 0.558491 0.025878 0.012579
17 0.739372 0.559119 0.081331 0.013836
18 0.930684 0.620755 0.086876 0.013836
19 0.934381 0.644654 0.079482 0.013836
9 0.403882 0.084906 0.286506 0.056604
10 0.460259 0.029560 0.395564 0.023899
11 0.135860 0.080503 0.101664 0.040252
