0 0.211368 0.445062 0.316163 0.060494
1 0.163410 0.401235 0.216696 0.017284
2 0.163410 0.401235 0.216696 0.017284
23 0.902309 0.464198 0.131439 0.017284
3 0.904085 0.437654 0.134991 0.016049
4 0.940497 0.106790 0.058615 0.013580
5 0.912966 0.772222 0.088810 0.013580
6 0.928952 0.545062 0.053286 0.013580
7 0.175844 0.545062 0.103020 0.016049
16 0.612789 0.545062 0.014210 0.013580
17 0.696270 0.545062 0.046181 0.013580
6 0.929840 0.596914 0.055062 0.013580
7 0.176732 0.596296 0.104796 0.017284
16 0.613677 0.596914 0.015986 0.011111
17 0.693606 0.596914 0.055062 0.013580
6 0.928952 0.650000 0.053286 0.013580
7 0.193606 0.650000 0.138544 0.016049
16 0.615453 0.650000 0.015986 0.011111
17 0.693606 0.650000 0.055062 0.013580
18 0.928064 0.703086 0.055062 0.013580
19 0.933393 0.737654 0.047957 0.013580
9 0.261101 0.305556 0.415631 0.062963
10 0.182060 0.264198 0.257549 0.017284
11 0.222025 0.122222 0.049734 0.044444
