0 0.210714 0.440814 0.307143 0.082614
23 0.911607 0.471023 0.137500 0.017263
3 0.914286 0.444513 0.128571 0.018496
4 0.950000 0.113440 0.060714 0.012330
5 0.918750 0.778668 0.098214 0.013564
6 0.940179 0.551788 0.055357 0.013564
7 0.200000 0.551788 0.139286 0.016030
16 0.621429 0.551788 0.014286 0.011097
17 0.706250 0.551788 0.044643 0.013564
6 0.941071 0.603576 0.053571 0.013564
7 0.173214 0.604809 0.085714 0.016030
16 0.622321 0.603576 0.012500 0.011097
17 0.706250 0.602959 0.044643 0.012330
6 0.940179 0.655980 0.055357 0.012330
7 0.186607 0.657213 0.112500 0.014797
16 0.622321 0.656597 0.012500 0.011097
17 0.702679 0.655980 0.055357 0.012330
18 0.935714 0.709618 0.064286 0.013564
19 0.944643 0.743527 0.046429 0.012330
9 0.266964 0.311961 0.416071 0.061652
10 0.188393 0.271887 0.258929 0.016030
11 0.226786 0.128853 0.046429 0.043157
