13 0.871894 0.711316 0.172360 0.023095
14 0.164596 0.297344 0.267081 0.063510
15 0.225155 0.239030 0.391304 0.020785
2 0.225155 0.239030 0.391304 0.020785
3 0.904503 0.102771 0.107143 0.016166
4 0.923137 0.045035 0.069876 0.013857
5 0.914596 0.669169 0.086957 0.015012
6 0.914596 0.472864 0.086957 0.015012
7 0.139752 0.484411 0.217391 0.038106
16 0.834627 0.472286 0.010870 0.011547
17 0.723602 0.472286 0.077640 0.013857
6 0.915373 0.535219 0.088509 0.015012
7 0.232919 0.545035 0.403727 0.034642
16 0.833851 0.535797 0.012422 0.013857
17 0.723602 0.535219 0.077640 0.015012
18 0.914596 0.602194 0.086957 0.015012
19 0.919255 0.625866 0.077640 0.013857
9 0.457298 0.101617 0.318323 0.036952
10 0.446429 0.042725 0.293478 0.053118
11 0.152950 0.071594 0.243789 0.110855
