13 0.875963 0.732394 0.171032 0.023474
14 0.174114 0.311620 0.265023 0.064554
15 0.235747 0.252347 0.385208 0.021127
2 0.235747 0.252347 0.385208 0.021127
3 0.907550 0.114437 0.107858 0.015258
4 0.926810 0.055164 0.069337 0.014085
5 0.918336 0.688967 0.086287 0.016432
6 0.924499 0.490023 0.077042 0.015258
7 0.241911 0.500587 0.400616 0.038732
16 0.838983 0.489437 0.013867 0.014085
17 0.728814 0.490023 0.077042 0.015258
6 0.918336 0.554577 0.086287 0.015258
7 0.181048 0.563967 0.278891 0.034038
16 0.838213 0.553991 0.012327 0.014085
17 0.728814 0.554577 0.077042 0.015258
18 0.919106 0.620892 0.087827 0.016432
19 0.922958 0.646127 0.077042 0.015258
9 0.465331 0.112676 0.314330 0.037559
10 0.453005 0.052230 0.289676 0.052817
11 0.162558 0.080986 0.235747 0.105634
