13 0.883459 0.842877 0.172932 0.018156
14 0.118421 0.366620 0.154135 0.065642
15 0.133459 0.308659 0.184211 0.019553
2 0.133459 0.308659 0.184211 0.019553
3 0.920113 0.111732 0.099624 0.016760
4 0.929511 0.053771 0.080827 0.015363
5 0.925752 0.799581 0.088346 0.015363
6 0.931391 0.542598 0.080827 0.015363
7 0.155075 0.551676 0.227444 0.033520
16 0.846805 0.542598 0.013158 0.012570
17 0.734023 0.542598 0.080827 0.015363
6 0.930451 0.602654 0.078947 0.015363
7 0.082707 0.602654 0.082707 0.015363
16 0.842105 0.602654 0.022556 0.015363
17 0.746241 0.602654 0.056391 0.015363
6 0.937970 0.666899 0.067669 0.015363
7 0.131579 0.654330 0.180451 0.076816
16 0.840226 0.666899 0.022556 0.012570
17 0.746241 0.666899 0.056391 0.015363
18 0.931391 0.732542 0.080827 0.015363
19 0.937030 0.756285 0.065789 0.015363
9 0.463346 0.132682 0.283835 0.036313
10 0.479323 0.059358 0.315789 0.079609
11 0.219925 0.111034 0.150376 0.032123
