13 0.883408 0.727629 0.173393 0.019016
14 0.172646 0.308725 0.264574 0.064877
15 0.234679 0.250559 0.388640 0.020134
2 0.234679 0.250559 0.388640 0.020134
3 0.919283 0.112975 0.101644 0.015660
4 0.934978 0.053691 0.070254 0.015660
5 0.926756 0.683445 0.086697 0.015660
6 0.926756 0.486018 0.086697 0.014541
7 0.098655 0.497763 0.116592 0.038031
16 0.840807 0.485459 0.022422 0.013423
17 0.741405 0.486018 0.065770 0.014541
6 0.931241 0.549776 0.077728 0.014541
7 0.149477 0.559284 0.218236 0.035794
16 0.845291 0.549217 0.013453 0.013423
17 0.734679 0.549776 0.079223 0.014541
18 0.926756 0.615213 0.086697 0.015660
19 0.931241 0.640380 0.077728 0.014541
9 0.468610 0.110179 0.318386 0.039150
10 0.455157 0.051454 0.291480 0.051454
11 0.161435 0.081096 0.239163 0.110738
