13 0.870399 0.734467 0.170245 0.017585
14 0.171012 0.313599 0.262270 0.064478
15 0.232362 0.254982 0.381902 0.019930
2 0.232362 0.254982 0.381902 0.019930
3 0.907209 0.116647 0.096626 0.015240
4 0.921012 0.057444 0.069018 0.014068
5 0.912577 0.690504 0.085890 0.014068
6 0.913344 0.491208 0.087423 0.014068
7 0.142638 0.502345 0.205521 0.038687
16 0.828988 0.490621 0.023006 0.012896
17 0.730828 0.491208 0.062883 0.014068
6 0.912577 0.555686 0.085890 0.014068
7 0.147239 0.565651 0.214724 0.033998
16 0.833589 0.555100 0.013804 0.012896
17 0.723926 0.555686 0.076687 0.014068
18 0.913344 0.622509 0.087423 0.014068
19 0.917945 0.646542 0.078221 0.015240
9 0.461656 0.114889 0.312883 0.037515
10 0.449387 0.054513 0.288344 0.052755
11 0.161043 0.086166 0.233129 0.099648
