13 0.886736 0.892683 0.160954 0.019512
14 0.093145 0.406707 0.123696 0.074390
15 0.135618 0.344512 0.208644 0.023171
2 0.135618 0.344512 0.208644 0.023171
3 0.920268 0.125000 0.093890 0.015854
4 0.936662 0.061585 0.061103 0.015854
5 0.928465 0.844512 0.077496 0.015854
6 0.927720 0.602439 0.078987 0.017073
7 0.070790 0.613415 0.078987 0.036585
16 0.831595 0.603049 0.032787 0.015854
17 0.741431 0.603049 0.055142 0.015854
6 0.928465 0.670122 0.077496 0.015854
7 0.075261 0.670732 0.084948 0.017073
16 0.832340 0.669512 0.031297 0.014634
17 0.741431 0.670122 0.055142 0.015854
6 0.927720 0.716463 0.078987 0.015854
7 0.052161 0.716463 0.041729 0.015854
16 0.836811 0.715854 0.022355 0.014634
17 0.741431 0.716463 0.055142 0.015854
18 0.928465 0.769512 0.077496 0.017073
19 0.935171 0.796951 0.064083 0.015854
9 0.456781 0.147561 0.287630 0.039024
10 0.472429 0.067073 0.318927 0.090244
11 0.210134 0.123780 0.154993 0.037805
