5 0.805833 0.704307 0.106667 0.010861
6 0.799583 0.558989 0.095833 0.009363
7 0.584167 0.565356 0.203333 0.024345
6 0.799167 0.578839 0.095000 0.009363
7 0.580833 0.585581 0.198333 0.011610
6 0.785000 0.598876 0.085000 0.008989
7 0.535417 0.597940 0.105833 0.011610
6 0.785417 0.611798 0.084167 0.009363
7 0.507083 0.611610 0.050833 0.010487
6 0.789167 0.625468 0.075000 0.008989
7 0.554167 0.625281 0.145000 0.011610
6 0.789167 0.638390 0.075000 0.009363
7 0.498750 0.638015 0.032500 0.011610
6 0.789167 0.651498 0.075000 0.009363
7 0.515833 0.651873 0.068333 0.010112
11 0.168750 0.238390 0.124167 0.022846
