9 0.943831 0.818705 0.042126 0.017266
10 0.165998 0.293525 0.233701 0.034532
13 0.787362 0.250360 0.054162 0.017266
0 0.848044 0.276259 0.109328 0.017266
1 0.943831 0.772662 0.042126 0.017266
2 0.898696 0.451079 0.034102 0.015827
3 0.302909 0.451799 0.369107 0.034532
14 0.573721 0.452518 0.008024 0.012950
5 0.670512 0.452518 0.035105 0.015827
2 0.899198 0.494964 0.043129 0.017266
3 0.319960 0.494964 0.403210 0.034532
14 0.573721 0.495683 0.008024 0.012950
5 0.670010 0.495683 0.042126 0.015827
28 0.132397 0.748201 0.028084 0.017266
15 0.943831 0.720863 0.042126 0.014388
20 0.947342 0.745324 0.033099 0.014388
6 0.390171 0.147482 0.465396 0.041727
7 0.317452 0.083453 0.321966 0.069065
8 0.087763 0.148201 0.107322 0.031655
17 0.650953 0.122302 0.074223 0.017266
