9 0.221634 0.870044 0.074130 0.016153
10 0.720877 0.290015 0.425113 0.063142
11 0.545386 0.236417 0.074130 0.017621
12 0.545386 0.236417 0.074130 0.017621
13 0.167927 0.104258 0.084720 0.017621
0 0.133888 0.050661 0.013616 0.016153
1 0.917549 0.723935 0.104387 0.020558
2 0.935703 0.422173 0.065053 0.016153
3 0.116490 0.422173 0.066566 0.019090
14 0.462935 0.422907 0.009077 0.014684
26 0.838880 0.422907 0.034796 0.014684
27 0.748865 0.422907 0.012103 0.014684
5 0.547655 0.422907 0.066566 0.017621
2 0.943268 0.457416 0.049924 0.016153
3 0.128593 0.458150 0.090772 0.017621
14 0.462935 0.458150 0.009077 0.014684
26 0.838880 0.457416 0.034796 0.016153
27 0.749622 0.458150 0.010590 0.014684
5 0.555219 0.457416 0.051437 0.016153
2 0.943268 0.494126 0.049924 0.016153
3 0.104387 0.495595 0.045386 0.016153
14 0.462935 0.494860 0.009077 0.014684
26 0.839637 0.494860 0.033283 0.014684
27 0.748865 0.494860 0.012103 0.014684
5 0.555219 0.494860 0.051437 0.017621
2 0.943268 0.530837 0.049924 0.016153
3 0.132375 0.529369 0.101362 0.022026
14 0.462179 0.531571 0.007564 0.014684
26 0.838880 0.530837 0.034796 0.016153
27 0.749622 0.531571 0.010590 0.014684
5 0.555219 0.530837 0.051437 0.016153
15 0.917549 0.653451 0.104387 0.017621
20 0.838880 0.603524 0.034796 0.014684
6 0.128593 0.290015 0.187595 0.063142
7 0.083964 0.235683 0.098336 0.019090
8 0.083964 0.235683 0.098336 0.019090
17 0.147504 0.342144 0.113464 0.017621
