9 0.878676 0.893958 0.172059 0.024661
18 0.101471 0.402589 0.123529 0.075216
19 0.144118 0.340321 0.205882 0.024661
12 0.144118 0.340321 0.205882 0.024661
13 0.919853 0.117139 0.092647 0.017263
0 0.929412 0.053021 0.070588 0.017263
1 0.921324 0.844636 0.086765 0.017263
3 0.080147 0.601110 0.077941 0.016030
2 0.926471 0.601110 0.076471 0.016030
3 0.069118 0.622072 0.055882 0.016030
14 0.830882 0.600493 0.032353 0.014797
5 0.747059 0.601110 0.044118 0.016030
2 0.925735 0.668311 0.077941 0.017263
3 0.084559 0.669544 0.086765 0.017263
14 0.831618 0.668311 0.030882 0.014797
5 0.741912 0.668311 0.054412 0.014797
2 0.926471 0.715783 0.076471 0.016030
3 0.107353 0.716400 0.132353 0.017263
14 0.836029 0.715166 0.022059 0.014797
5 0.737500 0.715783 0.063235 0.016030
15 0.921324 0.770037 0.086765 0.018496
20 0.932353 0.796547 0.064706 0.017263
6 0.461029 0.140567 0.283824 0.039457
7 0.475735 0.059803 0.313235 0.090012
8 0.217647 0.117139 0.150000 0.036991
