10 0.388310 0.490285 0.313657 0.094560
11 0.263889 0.418394 0.064815 0.023316
12 0.263889 0.418394 0.064815 0.023316
13 0.744213 0.454016 0.083333 0.022021
0 0.757523 0.417746 0.112269 0.022021
1 0.947338 0.804404 0.042824 0.018135
2 0.947338 0.681347 0.042824 0.018135
3 0.456019 0.681995 0.337963 0.022021
16 0.951968 0.724093 0.033565 0.018135
6 0.491898 0.231218 0.370370 0.091969
7 0.493056 0.159326 0.173611 0.020725
8 0.135417 0.068005 0.097222 0.053109
17 0.421875 0.336788 0.114583 0.020725
