9 0.880762 0.727019 0.170341 0.016713
18 0.173347 0.282730 0.262525 0.058496
19 0.235471 0.229109 0.386774 0.018106
12 0.235471 0.229109 0.386774 0.018106
13 0.915832 0.100975 0.100200 0.015320
0 0.930862 0.047354 0.070140 0.013928
1 0.923848 0.684540 0.088176 0.015320
2 0.922846 0.446379 0.086172 0.015320
3 0.100200 0.457521 0.116232 0.034819
14 0.838677 0.446379 0.022044 0.012535
5 0.739479 0.445682 0.064128 0.013928
2 0.927856 0.504875 0.080160 0.015320
3 0.150301 0.513231 0.216433 0.032033
14 0.842685 0.504875 0.014028 0.012535
5 0.731463 0.504875 0.080160 0.015320
2 0.923848 0.561978 0.088176 0.015320
3 0.146293 0.572423 0.208417 0.036212
14 0.837675 0.562674 0.024048 0.013928
5 0.739479 0.561281 0.064128 0.013928
15 0.922846 0.623259 0.086172 0.015320
20 0.926854 0.648329 0.078156 0.015320
6 0.466934 0.089833 0.316633 0.018106
7 0.454910 0.045265 0.292585 0.048747
8 0.164329 0.072423 0.236473 0.080780
