9 0.879845 0.842818 0.172093 0.021680
18 0.187597 0.357046 0.294574 0.074526
19 0.175969 0.287940 0.271318 0.025745
12 0.175969 0.287940 0.271318 0.025745
13 0.912403 0.128726 0.110078 0.018970
0 0.931008 0.060976 0.069767 0.016260
1 0.923256 0.792005 0.088372 0.017615
2 0.923256 0.563008 0.088372 0.017615
3 0.242636 0.575203 0.404651 0.044715
14 0.841860 0.562331 0.012403 0.013550
5 0.731783 0.562331 0.077519 0.016260
2 0.923256 0.637534 0.088372 0.017615
3 0.180620 0.648374 0.280620 0.039295
14 0.841860 0.636856 0.012403 0.013550
5 0.731783 0.637534 0.077519 0.017615
15 0.923256 0.713415 0.088372 0.017615
20 0.927132 0.743225 0.077519 0.017615
6 0.466667 0.126694 0.316279 0.044715
7 0.455039 0.056911 0.293023 0.062331
8 0.162016 0.094173 0.240310 0.134146
