9 0.927071 0.936375 0.073512 0.021851
10 0.283547 0.458869 0.410735 0.025707
11 0.088098 0.336761 0.099183 0.023136
12 0.088098 0.336761 0.099183 0.023136
24 0.889148 0.371465 0.149358 0.025707
13 0.312719 0.220437 0.105018 0.024422
0 0.540257 0.143959 0.315053 0.028278
1 0.927655 0.859254 0.072345 0.021851
2 0.925321 0.652314 0.072345 0.021851
3 0.131272 0.652956 0.183197 0.023136
14 0.407235 0.652956 0.014002 0.020566
5 0.600350 0.652314 0.066511 0.021851
2 0.928821 0.696658 0.067678 0.020566
3 0.067095 0.696658 0.054842 0.023136
14 0.407235 0.696015 0.014002 0.019280
5 0.601517 0.696015 0.064177 0.021851
15 0.930572 0.787275 0.066511 0.021851
8 0.138273 0.100900 0.206534 0.124679
