9 0.897727 0.915241 0.159091 0.020218
18 0.120265 0.407465 0.153409 0.071540
19 0.134470 0.344479 0.185606 0.023328
12 0.134470 0.344479 0.185606 0.023328
13 0.927083 0.125194 0.100379 0.017107
0 0.936553 0.060653 0.081439 0.015552
1 0.937500 0.865474 0.079545 0.017107
2 0.945076 0.604199 0.068182 0.017107
3 0.080492 0.604199 0.077652 0.017107
14 0.847538 0.604199 0.024621 0.013997
5 0.751894 0.604199 0.056818 0.017107
2 0.945076 0.671073 0.064394 0.017107
3 0.063447 0.670295 0.039773 0.015552
14 0.848485 0.671073 0.022727 0.013997
5 0.751894 0.671073 0.056818 0.017107
2 0.938447 0.719285 0.081439 0.017107
3 0.083333 0.720062 0.083333 0.015552
14 0.846591 0.719285 0.022727 0.013997
5 0.752841 0.719285 0.054924 0.017107
15 0.937500 0.792379 0.079545 0.017107
20 0.944129 0.818040 0.066288 0.015552
6 0.466856 0.146967 0.285985 0.038880
7 0.483902 0.066096 0.320076 0.088647
8 0.219697 0.123639 0.151515 0.035770
