9 0.880060 0.743039 0.170915 0.024362
18 0.143178 0.369490 0.187406 0.066125
19 0.132684 0.312645 0.166417 0.019722
12 0.132684 0.312645 0.166417 0.019722
13 0.914543 0.112529 0.101949 0.018561
0 0.926537 0.040603 0.080960 0.037123
1 0.923538 0.699536 0.086957 0.016241
2 0.923538 0.547564 0.086957 0.016241
3 0.214393 0.547564 0.287856 0.018561
14 0.844828 0.546984 0.010495 0.012761
5 0.730885 0.547564 0.088456 0.016241
2 0.928036 0.588167 0.077961 0.016241
3 0.200150 0.587007 0.259370 0.018561
14 0.844828 0.587587 0.010495 0.012761
5 0.736132 0.588167 0.077961 0.016241
15 0.922789 0.633411 0.088456 0.016241
20 0.928036 0.658353 0.077961 0.017401
6 0.414543 0.115429 0.298351 0.066125
7 0.462519 0.048144 0.391304 0.052204
8 0.142429 0.091647 0.122939 0.069606
