9 0.877440 0.709729 0.171367 0.015949
18 0.170282 0.301435 0.266811 0.060606
19 0.233189 0.244817 0.388286 0.017544
12 0.233189 0.244817 0.388286 0.017544
13 0.913232 0.110048 0.104121 0.015949
0 0.929501 0.051834 0.071584 0.014354
1 0.920824 0.665869 0.088937 0.014354
2 0.925163 0.473684 0.075922 0.012759
3 0.149675 0.484848 0.216920 0.035088
14 0.839479 0.473684 0.013015 0.012759
5 0.729935 0.473684 0.075922 0.012759
2 0.920824 0.535885 0.088937 0.015949
3 0.144252 0.546252 0.206074 0.033493
14 0.836226 0.535885 0.023861 0.012759
5 0.735358 0.535088 0.065076 0.014354
15 0.920824 0.600478 0.088937 0.014354
20 0.925163 0.625199 0.080260 0.015949
6 0.465293 0.106858 0.318872 0.038278
7 0.453362 0.049442 0.290672 0.054226
8 0.140998 0.084530 0.199566 0.118022
