13 0.941423 0.124670 0.097629 0.016740
0 0.961646 0.028194 0.068340 0.017621
1 0.953278 0.838326 0.065551 0.016740
2 0.953975 0.267401 0.066946 0.016740
3 0.118550 0.267401 0.117155 0.018502
2 0.955370 0.362555 0.064156 0.016740
3 0.115063 0.363436 0.110181 0.020264
4 0.841004 0.362555 0.041841 0.014978
5 0.753835 0.356828 0.015342 0.014097
2 0.972106 0.409251 0.030683 0.014978
3 0.092748 0.410132 0.071130 0.016740
27 0.754533 0.404846 0.027894 0.014978
4 0.839609 0.409692 0.016736 0.014097
2 0.942120 0.457709 0.079498 0.016740
3 0.109484 0.458150 0.099024 0.019383
2 0.981172 0.505286 0.032078 0.014978
3 0.147141 0.505286 0.174338 0.018502
2 0.981172 0.552863 0.029289 0.014978
3 0.132497 0.552863 0.145049 0.018502
2 0.988842 0.600000 0.019526 0.014097
3 0.200837 0.601762 0.281729 0.021145
2 0.988145 0.647577 0.018131 0.014097
3 0.179916 0.648899 0.239888 0.022026
2 0.988842 0.695154 0.016736 0.014097
3 0.152720 0.696035 0.185495 0.019383
6 0.457462 0.125110 0.507671 0.019383
7 0.136681 0.099119 0.156206 0.071366
8 0.136681 0.099119 0.156206 0.071366
