10 0.396030 0.330452 0.293006 0.057181
11 0.280718 0.287234 0.062382 0.013298
12 0.280718 0.287234 0.062382 0.013298
13 0.741966 0.308511 0.081285 0.013298
0 0.755198 0.287234 0.107750 0.013298
1 0.939509 0.521277 0.041588 0.013298
2 0.939509 0.447473 0.041588 0.011968
3 0.466919 0.446809 0.328922 0.015957
16 0.942344 0.472074 0.032136 0.010638
6 0.500000 0.173537 0.361059 0.057181
7 0.500945 0.130319 0.166352 0.013298
8 0.155955 0.075798 0.092628 0.031915
17 0.431002 0.238032 0.113422 0.013298
