9 0.907843 0.582121 0.057255 0.013939
10 0.321569 0.294545 0.516078 0.018182
11 0.109412 0.236364 0.091765 0.015758
12 0.109412 0.236364 0.091765 0.015758
13 0.348627 0.159091 0.098039 0.016364
0 0.562353 0.109394 0.296471 0.017576
1 0.907843 0.530606 0.057255 0.013939
2 0.906667 0.423030 0.056471 0.013333
3 0.150588 0.422727 0.172549 0.016364
14 0.411765 0.423333 0.012549 0.012727
5 0.597647 0.423030 0.051765 0.014545
15 0.910196 0.483333 0.050980 0.013939
8 0.156471 0.083333 0.193725 0.090303
