9 0.532418 0.817365 0.117582 0.020359
10 0.343956 0.392216 0.193407 0.070659
11 0.348352 0.340120 0.200000 0.021557
12 0.348352 0.340120 0.200000 0.021557
25 0.256044 0.965868 0.094505 0.020359
13 0.868681 0.327545 0.093407 0.020359
0 0.879121 0.301198 0.114286 0.020359
1 0.761538 0.939521 0.068132 0.020359
2 0.625824 0.671257 0.069231 0.020359
14 0.403297 0.670659 0.037363 0.019162
5 0.509341 0.671257 0.069231 0.020359
6 0.112637 0.074251 0.198901 0.069461
7 0.171978 0.023353 0.313187 0.022754
8 0.171978 0.023353 0.313187 0.022754
17 0.287363 0.523353 0.080220 0.019162
