9 0.880150 0.873311 0.172285 0.021396
18 0.191635 0.373874 0.293383 0.076577
19 0.178527 0.303491 0.267166 0.025901
12 0.178527 0.303491 0.267166 0.025901
13 0.912609 0.139640 0.107366 0.018018
0 0.931336 0.070383 0.069913 0.016892
1 0.922597 0.820383 0.087391 0.016892
2 0.923221 0.585023 0.086142 0.016892
3 0.265293 0.597410 0.440699 0.046171
14 0.842072 0.585023 0.011236 0.014640
5 0.732834 0.585023 0.077403 0.016892
2 0.927591 0.660473 0.077403 0.016892
3 0.196629 0.671734 0.305868 0.043919
14 0.842697 0.660473 0.012484 0.014640
5 0.731586 0.660473 0.077403 0.016892
15 0.923845 0.740428 0.087391 0.016892
20 0.927591 0.769707 0.077403 0.016892
6 0.468789 0.135698 0.315855 0.046171
7 0.455680 0.067005 0.289638 0.061937
8 0.163546 0.104730 0.237203 0.153153
