9 0.874233 0.804910 0.171779 0.025840
18 0.187883 0.341731 0.289877 0.071059
19 0.176380 0.275840 0.266871 0.024548
12 0.176380 0.275840 0.266871 0.024548
13 0.904908 0.124677 0.107362 0.016796
0 0.924080 0.059432 0.069018 0.015504
1 0.915644 0.757106 0.085890 0.018088
2 0.915644 0.537468 0.085890 0.015504
3 0.183282 0.549742 0.280675 0.042636
14 0.836656 0.537468 0.013804 0.012920
5 0.726994 0.537468 0.076687 0.015504
2 0.915644 0.608527 0.085890 0.018088
3 0.194018 0.618863 0.302147 0.038760
14 0.832055 0.608527 0.023006 0.015504
5 0.726994 0.607881 0.076687 0.016796
15 0.915644 0.682171 0.085890 0.018088
20 0.920245 0.709948 0.076687 0.016796
6 0.463957 0.122093 0.314417 0.042636
7 0.453221 0.056202 0.289877 0.058140
8 0.164110 0.087209 0.239264 0.114987
