9 0.873272 0.716489 0.170507 0.018085
18 0.173579 0.279255 0.261137 0.058511
19 0.233487 0.225532 0.384025 0.021277
12 0.233487 0.225532 0.384025 0.021277
13 0.910906 0.100000 0.098310 0.014894
0 0.923195 0.046809 0.070661 0.012766
1 0.915515 0.676596 0.086022 0.012766
2 0.915515 0.440426 0.086022 0.012766
3 0.144393 0.451064 0.205837 0.036170
14 0.831797 0.440426 0.023041 0.010638
5 0.732719 0.440426 0.064516 0.012766
2 0.916283 0.498936 0.087558 0.012766
3 0.149002 0.507979 0.215054 0.030851
14 0.834101 0.498404 0.015361 0.011702
5 0.726575 0.498936 0.076805 0.012766
2 0.915515 0.554255 0.086022 0.012766
3 0.149770 0.564894 0.213518 0.034043
14 0.836406 0.553723 0.013825 0.011702
5 0.726575 0.554255 0.076805 0.012766
15 0.915515 0.614894 0.086022 0.012766
20 0.920123 0.640426 0.076805 0.012766
6 0.463902 0.098404 0.313364 0.035106
7 0.451613 0.043617 0.288786 0.048936
8 0.181260 0.091489 0.104455 0.012766
