9 0.884202 0.848916 0.173313 0.020325
18 0.162577 0.365854 0.257669 0.078591
19 0.152607 0.299458 0.234663 0.021680
12 0.152607 0.299458 0.234663 0.021680
13 0.917945 0.134824 0.105828 0.017615
0 0.906442 0.063686 0.128834 0.018970
1 0.927147 0.798103 0.087423 0.018970
2 0.927147 0.572493 0.087423 0.017615
3 0.145706 0.584688 0.220859 0.042005
14 0.841258 0.572493 0.023006 0.014905
5 0.733896 0.572493 0.078221 0.017615
2 0.927147 0.644986 0.087423 0.018970
3 0.148006 0.657182 0.228528 0.043360
14 0.845859 0.643631 0.013804 0.016260
5 0.733896 0.644309 0.078221 0.017615
15 0.927147 0.720190 0.087423 0.017615
20 0.931748 0.750678 0.078221 0.018970
6 0.398006 0.109079 0.283742 0.077236
7 0.453988 0.040650 0.395706 0.029810
8 0.128067 0.102304 0.108896 0.052846
