9 0.891852 0.900369 0.160000 0.024600
18 0.102963 0.410209 0.122963 0.075031
19 0.145185 0.347478 0.207407 0.023370
12 0.145185 0.347478 0.207407 0.023370
13 0.925926 0.126076 0.091852 0.015990
0 0.936296 0.062116 0.071111 0.015990
1 0.933333 0.851784 0.077037 0.018450
2 0.939259 0.607626 0.065185 0.017220
3 0.080741 0.618696 0.078519 0.036900
14 0.837778 0.607626 0.031111 0.014760
5 0.752593 0.608241 0.044444 0.015990
2 0.932593 0.675892 0.078519 0.015990
3 0.084444 0.677122 0.085926 0.015990
14 0.842222 0.675277 0.022222 0.014760
5 0.747407 0.675277 0.054815 0.014760
2 0.932593 0.722632 0.078519 0.015990
3 0.107407 0.722632 0.131852 0.015990
14 0.842963 0.722017 0.020741 0.014760
5 0.742222 0.722632 0.065185 0.015990
15 0.932593 0.776753 0.078519 0.018450
20 0.939259 0.803813 0.065185 0.015990
6 0.464444 0.148831 0.285926 0.039360
7 0.479259 0.068266 0.315556 0.089791
8 0.220000 0.125461 0.152593 0.036900
