9 0.943414 0.607562 0.050093 0.013038
10 0.411874 0.279661 0.311688 0.142112
11 0.290353 0.193611 0.064935 0.011734
12 0.290353 0.193611 0.064935 0.011734
13 0.753247 0.215124 0.081633 0.013038
0 0.801484 0.192308 0.207792 0.014342
1 0.943414 0.559322 0.050093 0.013038
2 0.943414 0.449153 0.050093 0.011734
3 0.365492 0.449804 0.515770 0.036506
14 0.705009 0.450456 0.011132 0.011734
5 0.827458 0.449153 0.051948 0.011734
15 0.943414 0.511082 0.050093 0.013038
16 0.951763 0.485658 0.033395 0.011734
20 0.947124 0.534550 0.042672 0.013038
6 0.509276 0.112125 0.499072 0.033898
7 0.511132 0.079531 0.246753 0.013038
8 0.125232 0.048240 0.090909 0.018253
17 0.537106 0.144720 0.113173 0.013038
