9 0.886364 0.836579 0.174242 0.018081
18 0.116477 0.361613 0.157197 0.063978
19 0.130682 0.305285 0.189394 0.018081
12 0.130682 0.305285 0.189394 0.018081
13 0.923295 0.109179 0.100379 0.015299
0 0.933712 0.051460 0.079545 0.013908
1 0.928977 0.793463 0.089015 0.015299
2 0.935606 0.537552 0.079545 0.015299
3 0.110795 0.545897 0.145833 0.031989
14 0.847538 0.536857 0.013258 0.013908
5 0.736742 0.537552 0.079545 0.015299
2 0.935606 0.597357 0.079545 0.015299
3 0.109848 0.607093 0.143939 0.034771
14 0.849432 0.597357 0.013258 0.012517
5 0.736742 0.597357 0.079545 0.015299
2 0.935606 0.661335 0.079545 0.015299
3 0.152462 0.669680 0.229167 0.031989
14 0.848485 0.661335 0.015152 0.012517
5 0.735795 0.661335 0.077652 0.015299
15 0.928977 0.726704 0.089015 0.015299
20 0.934659 0.750348 0.081439 0.015299
6 0.463068 0.129346 0.285985 0.036161
7 0.479167 0.055633 0.318182 0.077886
8 0.216856 0.108484 0.153409 0.033380
