9 0.894340 0.747951 0.158491 0.017760
18 0.118868 0.361339 0.154717 0.064208
19 0.133962 0.306011 0.184906 0.019126
12 0.133962 0.306011 0.184906 0.019126
13 0.924528 0.112022 0.101887 0.016393
0 0.933019 0.056694 0.081132 0.015027
1 0.934906 0.704235 0.081132 0.015027
2 0.940566 0.533470 0.066038 0.015027
3 0.080189 0.542350 0.077358 0.030055
14 0.843396 0.533470 0.022642 0.012295
5 0.750000 0.533470 0.054717 0.015027
2 0.941509 0.592213 0.067925 0.015027
3 0.062264 0.592213 0.037736 0.015027
14 0.845283 0.592213 0.022642 0.012295
5 0.750000 0.592213 0.054717 0.015027
15 0.934906 0.640027 0.081132 0.015027
20 0.946226 0.663251 0.054717 0.015027
6 0.466038 0.131831 0.286792 0.034153
7 0.481132 0.060109 0.316981 0.076503
8 0.220755 0.111339 0.150943 0.031421
