9 0.877519 0.680024 0.170543 0.017943
18 0.169767 0.316388 0.262016 0.065789
19 0.231783 0.255981 0.386047 0.021531
12 0.231783 0.255981 0.386047 0.021531
13 0.910078 0.115431 0.108527 0.015550
0 0.927907 0.055024 0.069767 0.014354
1 0.920155 0.635167 0.088372 0.014354
2 0.920155 0.497608 0.088372 0.014354
3 0.145736 0.509569 0.217054 0.038278
14 0.838760 0.497608 0.012403 0.011962
5 0.728682 0.497608 0.077519 0.014354
15 0.920155 0.566986 0.088372 0.014354
20 0.924031 0.594498 0.077519 0.014354
6 0.463566 0.113038 0.316279 0.037081
7 0.451163 0.052033 0.291473 0.053828
8 0.157364 0.086124 0.237209 0.114833
