9 0.895958 0.888816 0.160180 0.019737
18 0.099551 0.440132 0.124251 0.080263
19 0.142216 0.373026 0.209581 0.025000
12 0.142216 0.373026 0.209581 0.025000
13 0.931138 0.135526 0.092814 0.018421
0 0.946856 0.067105 0.064371 0.015789
1 0.938623 0.835526 0.077844 0.018421
2 0.938623 0.651316 0.080838 0.018421
3 0.081587 0.652632 0.088323 0.018421
14 0.842814 0.651974 0.032934 0.017105
5 0.750749 0.651316 0.055389 0.015789
2 0.944611 0.701316 0.065868 0.018421
3 0.058383 0.701974 0.041916 0.017105
14 0.848054 0.701316 0.022455 0.015789
5 0.750749 0.701974 0.055389 0.017105
15 0.937874 0.756579 0.079341 0.018421
20 0.944611 0.785526 0.065868 0.018421
6 0.465569 0.160526 0.287425 0.042105
7 0.480539 0.074342 0.317365 0.096053
8 0.217814 0.135526 0.154192 0.039474
