9 0.889306 0.817992 0.157598 0.018131
18 0.119137 0.363319 0.155722 0.065551
19 0.133208 0.306834 0.183865 0.019526
12 0.133208 0.306834 0.183865 0.019526
13 0.918386 0.109484 0.099437 0.015342
0 0.927767 0.052301 0.080675 0.015342
1 0.929644 0.773361 0.080675 0.015342
2 0.928705 0.539052 0.078799 0.015342
3 0.131332 0.549512 0.180113 0.033473
14 0.839587 0.539052 0.024390 0.012552
5 0.745779 0.538354 0.054409 0.013947
2 0.937148 0.599024 0.065666 0.015342
3 0.080675 0.610181 0.078799 0.034868
14 0.838649 0.599024 0.022514 0.012552
5 0.745779 0.599024 0.054409 0.015342
2 0.937148 0.663180 0.065666 0.015342
3 0.060976 0.662483 0.039400 0.013947
14 0.840525 0.663877 0.022514 0.013947
5 0.745779 0.663180 0.054409 0.015342
15 0.929644 0.707810 0.080675 0.015342
20 0.936210 0.731520 0.067542 0.015342
6 0.462477 0.129707 0.283302 0.036262
7 0.477486 0.056485 0.317073 0.079498
8 0.218574 0.108787 0.151970 0.033473
