9 0.880841 0.732941 0.172897 0.023529
18 0.170561 0.311176 0.263240 0.064706
19 0.232087 0.251176 0.389408 0.022353
12 0.232087 0.251176 0.389408 0.022353
13 0.914330 0.112941 0.109034 0.016471
0 0.933022 0.054118 0.071651 0.014118
1 0.924455 0.689412 0.088785 0.014118
2 0.924455 0.489412 0.088785 0.014118
3 0.147196 0.501765 0.216511 0.038824
14 0.842679 0.489412 0.012461 0.011765
5 0.732087 0.489412 0.077882 0.014118
2 0.924455 0.554118 0.091900 0.028235
3 0.146417 0.564706 0.218069 0.037647
14 0.842679 0.553529 0.012461 0.012941
5 0.732087 0.554118 0.077882 0.014118
15 0.924455 0.621176 0.088785 0.014118
20 0.928349 0.645882 0.077882 0.014118
6 0.465732 0.111176 0.317757 0.036471
7 0.454050 0.051176 0.294393 0.052941
8 0.158879 0.084706 0.242991 0.117647
