9 0.899142 0.915328 0.161660 0.023486
18 0.105150 0.430161 0.124464 0.076638
19 0.147353 0.363412 0.208870 0.024722
12 0.147353 0.363412 0.208870 0.024722
13 0.929185 0.131026 0.101574 0.017305
0 0.938484 0.064895 0.080114 0.016069
1 0.940629 0.863412 0.078684 0.018541
2 0.947067 0.637206 0.065808 0.016069
3 0.133763 0.649567 0.181688 0.038319
14 0.849070 0.636588 0.021459 0.014833
5 0.753934 0.637206 0.054363 0.016069
2 0.941345 0.707664 0.077253 0.016069
3 0.128755 0.721261 0.171674 0.043263
14 0.849070 0.707046 0.021459 0.014833
5 0.753934 0.707664 0.054363 0.016069
15 0.941345 0.785538 0.077253 0.018541
20 0.947067 0.817058 0.065808 0.017305
6 0.469242 0.155130 0.286123 0.043263
7 0.484263 0.070457 0.316166 0.093943
8 0.221745 0.131644 0.154506 0.038319
