10 0.420417 0.437828 0.307500 0.038202
11 0.298333 0.409551 0.061667 0.008614
12 0.298333 0.409551 0.061667 0.008614
13 0.767083 0.423221 0.079167 0.008240
0 0.780417 0.409551 0.109167 0.008614
1 0.966250 0.560861 0.040833 0.007865
2 0.966667 0.512547 0.040000 0.007865
3 0.486667 0.512734 0.330000 0.010487
16 0.970833 0.529401 0.031667 0.007865
6 0.522500 0.335768 0.361667 0.037079
7 0.522917 0.308240 0.167500 0.008989
8 0.173333 0.271910 0.098333 0.022472
17 0.451250 0.377715 0.110833 0.010112
