3 0.946304 0.125551 0.104603 0.018502
4 0.961646 0.028194 0.068340 0.017621
5 0.954672 0.838326 0.065551 0.016740
6 0.953975 0.267401 0.066946 0.016740
7 0.118550 0.267401 0.117155 0.016740
6 0.956067 0.362555 0.062762 0.016740
7 0.115063 0.363436 0.110181 0.020264
20 0.841004 0.362555 0.041841 0.014978
17 0.753835 0.356828 0.015342 0.014097
6 0.972106 0.409692 0.030683 0.015859
7 0.092748 0.410132 0.071130 0.016740
20 0.839609 0.409251 0.016736 0.014978
17 0.754533 0.404846 0.027894 0.014978
6 0.942120 0.457709 0.079498 0.016740
7 0.109484 0.458150 0.099024 0.019383
6 0.981172 0.505286 0.032078 0.014978
7 0.147141 0.505286 0.174338 0.018502
6 0.981172 0.552863 0.029289 0.014978
7 0.132497 0.552863 0.145049 0.018502
6 0.988842 0.600000 0.019526 0.014097
7 0.200837 0.601762 0.281729 0.021145
6 0.988145 0.647577 0.018131 0.014097
7 0.179916 0.649339 0.239888 0.021145
9 0.389121 0.125110 0.644351 0.021145
10 0.136681 0.071806 0.156206 0.016740
11 0.136681 0.071806 0.156206 0.016740
