13 0.853896 0.895508 0.227273 0.021484
14 0.191558 0.418945 0.331169 0.068359
15 0.180195 0.361328 0.301948 0.023438
2 0.180195 0.361328 0.301948 0.023438
3 0.896104 0.118164 0.142857 0.017578
4 0.881494 0.056641 0.172078 0.015625
5 0.909091 0.851562 0.116883 0.015625
6 0.915584 0.589844 0.103896 0.015625
7 0.170455 0.601562 0.288961 0.039062
6 0.915584 0.684570 0.103896 0.017578
7 0.175325 0.696289 0.298701 0.041016
18 0.909091 0.783203 0.116883 0.015625
19 0.915584 0.809570 0.103896 0.017578
9 0.209416 0.239258 0.360390 0.041016
10 0.238636 0.150391 0.418831 0.054688
11 0.147727 0.064453 0.146104 0.046875
