13 0.890690 0.359278 0.137029 0.028643
15 0.121339 0.257161 0.142259 0.023661
2 0.121339 0.257161 0.142259 0.023661
23 0.905335 0.265878 0.105649 0.026152
3 0.905858 0.219801 0.106695 0.023661
4 0.915795 0.113948 0.097280 0.023661
5 0.902197 0.797011 0.118201 0.022416
6 0.901674 0.536737 0.119247 0.022416
7 0.203452 0.537983 0.279289 0.027397
16 0.605649 0.537360 0.010460 0.018680
17 0.761506 0.536737 0.119247 0.022416
6 0.905858 0.573474 0.108787 0.023661
7 0.126569 0.572852 0.125523 0.024907
16 0.604603 0.572852 0.010460 0.019925
17 0.765690 0.573474 0.108787 0.026152
25 0.908473 0.310087 0.103556 0.022416
26 0.373431 0.305729 0.177824 0.120797
18 0.902197 0.707347 0.118201 0.022416
19 0.922071 0.752179 0.074268 0.022416
11 0.161611 0.054172 0.256276 0.043587
