13 0.752532 0.778079 0.343038 0.015492
14 0.731646 0.357475 0.384810 0.053447
15 0.242405 0.361735 0.335443 0.017041
2 0.242405 0.361735 0.335443 0.017041
3 0.179114 0.085980 0.206329 0.013943
4 0.155696 0.027885 0.156962 0.030984
5 0.837975 0.743610 0.172152 0.013168
6 0.838608 0.524400 0.170886 0.013168
7 0.405696 0.503873 0.575949 0.013943
16 0.912658 0.541828 0.015190 0.010070
6 0.848101 0.618319 0.151899 0.012781
7 0.377215 0.597018 0.521519 0.013555
16 0.912658 0.635554 0.015190 0.010070
18 0.838608 0.690937 0.170886 0.012393
19 0.847468 0.711270 0.153165 0.012781
9 0.373418 0.234702 0.594937 0.052672
10 0.470253 0.187452 0.791139 0.018590
11 0.332911 0.152014 0.513924 0.027498
