13 0.532418 0.817365 0.117582 0.020359
0 0.343956 0.392216 0.193407 0.070659
1 0.348352 0.340120 0.200000 0.021557
2 0.348352 0.340120 0.200000 0.021557
23 0.256044 0.965868 0.094505 0.020359
3 0.868681 0.327545 0.093407 0.020359
4 0.879121 0.301198 0.114286 0.020359
5 0.761538 0.939521 0.068132 0.020359
6 0.625824 0.671257 0.069231 0.020359
16 0.403297 0.670659 0.037363 0.019162
17 0.509341 0.671257 0.069231 0.020359
9 0.112637 0.074251 0.198901 0.069461
10 0.171978 0.023353 0.313187 0.022754
11 0.171978 0.023353 0.313187 0.022754
12 0.287363 0.523353 0.080220 0.019162
