0 0.231317 0.438509 0.352313 0.081988
23 0.905694 0.468944 0.131673 0.016149
3 0.906584 0.441615 0.133452 0.016149
4 0.943060 0.108075 0.060498 0.012422
5 0.911032 0.831677 0.096085 0.013665
6 0.933274 0.549689 0.055160 0.013665
7 0.177936 0.549689 0.103203 0.016149
16 0.617438 0.549689 0.014235 0.011180
24 0.798932 0.549068 0.046263 0.012422
17 0.699288 0.549689 0.046263 0.013665
6 0.933274 0.601863 0.055160 0.013665
7 0.177936 0.601863 0.103203 0.016149
16 0.616548 0.601863 0.012456 0.011180
24 0.799822 0.601242 0.048043 0.012422
17 0.697509 0.601242 0.053381 0.012422
6 0.933274 0.655280 0.055160 0.013665
7 0.195730 0.655280 0.138790 0.016149
16 0.616548 0.655280 0.012456 0.011180
24 0.800712 0.654658 0.046263 0.012422
17 0.696619 0.654658 0.055160 0.012422
6 0.933274 0.707453 0.055160 0.013665
7 0.169929 0.708696 0.087189 0.016149
16 0.617438 0.708075 0.014235 0.012422
17 0.699288 0.707453 0.046263 0.013665
18 0.928826 0.760870 0.064057 0.013665
19 0.936833 0.795652 0.044484 0.013665
9 0.262456 0.308075 0.414591 0.062112
10 0.184164 0.266460 0.258007 0.016149
11 0.184164 0.266460 0.258007 0.016149
