13 0.873272 0.716489 0.170507 0.018085
14 0.173579 0.279255 0.261137 0.058511
15 0.233487 0.225532 0.384025 0.021277
2 0.233487 0.225532 0.384025 0.021277
3 0.910906 0.100000 0.098310 0.014894
4 0.923195 0.046809 0.070661 0.012766
5 0.915515 0.676596 0.086022 0.012766
6 0.915515 0.440426 0.086022 0.012766
7 0.144393 0.451064 0.205837 0.036170
16 0.831797 0.440426 0.023041 0.010638
17 0.732719 0.440426 0.064516 0.012766
6 0.916283 0.498936 0.087558 0.012766
7 0.149002 0.507979 0.215054 0.030851
16 0.834101 0.498404 0.015361 0.011702
17 0.726575 0.498936 0.076805 0.012766
6 0.915515 0.554255 0.086022 0.012766
7 0.149770 0.564894 0.213518 0.034043
16 0.836406 0.553723 0.013825 0.011702
17 0.726575 0.554255 0.076805 0.012766
18 0.915515 0.614894 0.086022 0.012766
19 0.920123 0.640426 0.076805 0.012766
9 0.463902 0.098404 0.313364 0.035106
10 0.451613 0.043617 0.288786 0.048936
11 0.181260 0.091489 0.104455 0.012766
