0 0.203436 0.449005 0.330922 0.059701
1 0.141049 0.404851 0.206148 0.018657
2 0.141049 0.404851 0.206148 0.018657
23 0.901447 0.467662 0.139241 0.017413
3 0.904159 0.440920 0.130199 0.018657
4 0.940325 0.106965 0.061483 0.012438
5 0.913201 0.743159 0.090416 0.013682
6 0.928571 0.549129 0.056058 0.013682
7 0.141953 0.549129 0.063291 0.016169
16 0.608499 0.549751 0.012658 0.012438
17 0.689873 0.549129 0.056058 0.013682
6 0.929476 0.601368 0.057866 0.013682
7 0.170886 0.601368 0.121157 0.016169
16 0.608499 0.601368 0.016275 0.011194
17 0.690778 0.600746 0.054250 0.012438
6 0.930380 0.654851 0.056058 0.013682
7 0.163653 0.654851 0.106691 0.016169
16 0.608499 0.654851 0.012658 0.011194
17 0.692586 0.654229 0.047016 0.012438
18 0.929476 0.707711 0.057866 0.012438
9 0.249548 0.307214 0.423146 0.062189
10 0.169078 0.265547 0.262206 0.016169
11 0.210669 0.122512 0.048825 0.043532
