13 0.887619 0.850778 0.175238 0.018388
14 0.112381 0.367751 0.163810 0.065064
15 0.127619 0.310467 0.190476 0.021216
2 0.127619 0.310467 0.190476 0.021216
3 0.923810 0.111033 0.102857 0.015559
4 0.934286 0.052334 0.081905 0.014144
5 0.930476 0.806931 0.089524 0.015559
6 0.936190 0.546676 0.078095 0.015559
7 0.106667 0.555163 0.144762 0.032532
16 0.849524 0.546676 0.011429 0.012730
17 0.737143 0.546676 0.080000 0.015559
6 0.936190 0.607496 0.078095 0.015559
7 0.149524 0.617397 0.230476 0.035361
16 0.848571 0.607496 0.013333 0.012730
17 0.736190 0.607496 0.078095 0.015559
6 0.936190 0.672560 0.078095 0.015559
7 0.076190 0.672560 0.083810 0.015559
16 0.843810 0.672560 0.022857 0.012730
17 0.747619 0.672560 0.055238 0.015559
18 0.930476 0.739038 0.089524 0.015559
19 0.936190 0.763083 0.078095 0.015559
9 0.463810 0.131542 0.287619 0.036775
10 0.478095 0.056577 0.320000 0.079208
11 0.214286 0.109618 0.154286 0.032532
