13 0.876534 0.727322 0.170245 0.022678
14 0.177914 0.283477 0.260736 0.059395
15 0.238497 0.228942 0.381902 0.021598
2 0.238497 0.228942 0.381902 0.021598
3 0.908742 0.102052 0.105828 0.014039
4 0.927147 0.047516 0.069018 0.012959
5 0.919479 0.686825 0.087423 0.015119
6 0.918712 0.447084 0.085890 0.012959
7 0.154141 0.458423 0.213190 0.035637
16 0.838957 0.447084 0.012270 0.010799
17 0.730828 0.447084 0.078221 0.012959
6 0.918712 0.562635 0.085890 0.012959
7 0.246933 0.544276 0.398773 0.090713
16 0.839724 0.505940 0.010736 0.011879
17 0.730061 0.563175 0.076687 0.014039
18 0.918712 0.623650 0.085890 0.014039
19 0.923313 0.650648 0.076687 0.014039
9 0.467025 0.099892 0.314417 0.035637
10 0.455521 0.044276 0.288344 0.049676
11 0.167178 0.074514 0.242331 0.118790
