0 0.210854 0.435751 0.325623 0.085242
23 0.899466 0.466921 0.133452 0.017812
3 0.899466 0.439567 0.137011 0.016539
4 0.935943 0.098601 0.060498 0.013995
5 0.909253 0.784351 0.088968 0.013995
6 0.926157 0.550254 0.055160 0.013995
7 0.144128 0.550254 0.049822 0.016539
16 0.609431 0.550254 0.012456 0.011450
17 0.689502 0.549618 0.055160 0.012723
6 0.925267 0.603690 0.053381 0.013995
7 0.171708 0.603053 0.104982 0.017812
16 0.609431 0.604326 0.012456 0.012723
17 0.689502 0.603690 0.055160 0.013995
6 0.926157 0.658397 0.055160 0.013995
7 0.187722 0.658397 0.137011 0.016539
16 0.608541 0.659033 0.010676 0.012723
17 0.690391 0.657761 0.053381 0.012723
18 0.925267 0.713104 0.056940 0.013995
19 0.928826 0.748092 0.046263 0.012723
9 0.256228 0.302799 0.416370 0.063613
10 0.177046 0.260814 0.258007 0.015267
11 0.174377 0.130407 0.138790 0.082697
