13 0.876923 0.741022 0.173077 0.017956
14 0.137500 0.293508 0.182692 0.062155
15 0.182692 0.238950 0.273077 0.019337
2 0.182692 0.238950 0.273077 0.019337
3 0.917308 0.107044 0.092308 0.015193
4 0.927885 0.051105 0.071154 0.013812
5 0.919231 0.698204 0.088462 0.015193
6 0.919231 0.459254 0.088462 0.015193
7 0.164423 0.468232 0.236538 0.033149
16 0.839423 0.459254 0.013462 0.012431
17 0.729808 0.459254 0.075000 0.015193
6 0.920192 0.515884 0.086538 0.015193
7 0.153846 0.526243 0.215385 0.035912
16 0.835577 0.515193 0.021154 0.013812
17 0.729808 0.515884 0.078846 0.015193
6 0.920192 0.573895 0.086538 0.015193
7 0.098077 0.584254 0.103846 0.038674
16 0.839423 0.573895 0.013462 0.012431
17 0.730769 0.573895 0.076923 0.015193
18 0.920192 0.636050 0.086538 0.015193
19 0.925000 0.659530 0.076923 0.015193
9 0.400000 0.087707 0.276923 0.062155
10 0.455769 0.032459 0.388462 0.023481
11 0.135577 0.082873 0.101923 0.041436
