13 0.899142 0.915328 0.161660 0.023486
14 0.105150 0.430161 0.124464 0.076638
15 0.147353 0.363412 0.208870 0.024722
2 0.147353 0.363412 0.208870 0.024722
3 0.929185 0.131026 0.101574 0.017305
4 0.938484 0.064895 0.080114 0.016069
5 0.940629 0.863412 0.078684 0.018541
6 0.947067 0.637206 0.065808 0.016069
7 0.133763 0.649567 0.181688 0.038319
16 0.849070 0.636588 0.021459 0.014833
17 0.753934 0.637206 0.054363 0.016069
6 0.941345 0.707664 0.077253 0.016069
7 0.128755 0.721261 0.171674 0.043263
16 0.849070 0.707046 0.021459 0.014833
17 0.753934 0.707664 0.054363 0.016069
18 0.941345 0.785538 0.077253 0.018541
19 0.947067 0.817058 0.065808 0.017305
9 0.469242 0.155130 0.286123 0.043263
10 0.484263 0.070457 0.316166 0.093943
11 0.221745 0.131644 0.154506 0.038319
