13 0.875498 0.690162 0.169323 0.017621
14 0.140438 0.296623 0.185259 0.064611
15 0.184263 0.240088 0.272908 0.019090
2 0.184263 0.240088 0.272908 0.019090
3 0.915339 0.107930 0.093625 0.016153
4 0.926295 0.049927 0.067729 0.014684
5 0.917331 0.649780 0.085657 0.016153
6 0.918327 0.464758 0.087649 0.016153
7 0.159363 0.474302 0.223108 0.035242
16 0.832669 0.464758 0.023904 0.013216
17 0.728088 0.464023 0.077689 0.014684
6 0.919323 0.523495 0.085657 0.016153
7 0.158367 0.533774 0.217131 0.036711
16 0.838645 0.522761 0.011952 0.011747
17 0.729084 0.522761 0.079681 0.014684
18 0.917331 0.586637 0.085657 0.016153
19 0.921315 0.610132 0.077689 0.016153
9 0.402390 0.086637 0.278884 0.061674
10 0.458167 0.031571 0.386454 0.024963
11 0.139442 0.081498 0.103586 0.042584
