13 0.893417 0.841055 0.159875 0.021879
14 0.106583 0.404762 0.125392 0.073359
15 0.148119 0.341699 0.205329 0.024453
2 0.148119 0.341699 0.205329 0.024453
3 0.923197 0.123552 0.100313 0.015444
4 0.943574 0.059846 0.059561 0.016731
5 0.934953 0.792149 0.079937 0.016731
6 0.942006 0.599743 0.065831 0.015444
7 0.065831 0.599743 0.040752 0.015444
16 0.843260 0.599099 0.021944 0.014157
17 0.749216 0.599743 0.056426 0.015444
6 0.934953 0.646718 0.083072 0.029601
7 0.134013 0.657658 0.180251 0.036036
16 0.843260 0.646718 0.021944 0.014157
17 0.749216 0.647362 0.056426 0.015444
18 0.934169 0.718790 0.078370 0.016731
19 0.941223 0.746461 0.067398 0.025740
9 0.468652 0.146718 0.285266 0.038610
10 0.483542 0.065637 0.315047 0.090090
11 0.221787 0.122909 0.152038 0.037323
