0 0.217352 0.443688 0.327370 0.060644
1 0.155635 0.400990 0.203936 0.019802
2 0.155635 0.400990 0.203936 0.019802
23 0.908766 0.462871 0.132379 0.017327
3 0.909660 0.436881 0.134168 0.017327
4 0.946333 0.104579 0.060823 0.013614
5 0.918605 0.771658 0.087657 0.013614
6 0.937388 0.543317 0.053667 0.012376
7 0.151163 0.544554 0.051878 0.017327
16 0.618962 0.544554 0.010733 0.012376
17 0.699463 0.543317 0.053667 0.012376
6 0.937388 0.595916 0.053667 0.013614
7 0.181574 0.595916 0.112701 0.016089
16 0.618068 0.595916 0.012522 0.011139
17 0.701252 0.595297 0.046512 0.012376
6 0.936494 0.648515 0.055456 0.012376
7 0.194991 0.649134 0.139535 0.016089
16 0.619857 0.649134 0.016100 0.011139
21 0.807692 0.649134 0.037567 0.011139
17 0.698569 0.648515 0.055456 0.012376
18 0.936494 0.701733 0.055456 0.012376
19 0.940072 0.736386 0.044723 0.012376
9 0.262970 0.303218 0.418605 0.061881
10 0.183363 0.262995 0.259392 0.016089
11 0.223614 0.119431 0.050089 0.045792
