0 0.206897 0.431790 0.319419 0.081608
23 0.912886 0.461632 0.137931 0.017052
3 0.915608 0.435445 0.136116 0.015834
4 0.952813 0.108404 0.061706 0.014616
5 0.921053 0.764921 0.099819 0.012180
6 0.942831 0.541413 0.056261 0.013398
7 0.189655 0.541413 0.139746 0.015834
16 0.617967 0.541413 0.012704 0.010962
17 0.705082 0.540804 0.045372 0.012180
6 0.942831 0.592570 0.056261 0.013398
7 0.163339 0.593179 0.087114 0.014616
16 0.619782 0.592570 0.012704 0.010962
17 0.705082 0.591961 0.045372 0.012180
6 0.942831 0.644336 0.056261 0.012180
7 0.176044 0.645554 0.112523 0.014616
16 0.618875 0.645554 0.014519 0.012180
17 0.701452 0.644945 0.056261 0.013398
18 0.939201 0.697320 0.063521 0.013398
19 0.945554 0.730816 0.047187 0.012180
9 0.258621 0.305116 0.422868 0.062119
10 0.178766 0.264312 0.263158 0.017052
11 0.216878 0.124848 0.049002 0.042631
