0 0.222321 0.448941 0.355357 0.058531
1 0.154464 0.404110 0.219643 0.018680
2 0.154464 0.404110 0.219643 0.018680
23 0.899107 0.466999 0.133929 0.017435
3 0.900000 0.440224 0.135714 0.016189
4 0.933929 0.106476 0.060714 0.013699
5 0.908929 0.725405 0.089286 0.013699
6 0.925893 0.548568 0.055357 0.013699
7 0.168750 0.548568 0.105357 0.016189
16 0.608036 0.548568 0.012500 0.011208
17 0.691964 0.548568 0.044643 0.013699
6 0.925893 0.600872 0.055357 0.013699
7 0.158929 0.601494 0.085714 0.014944
16 0.608036 0.600872 0.012500 0.011208
17 0.691071 0.600872 0.046429 0.013699
18 0.925893 0.654421 0.055357 0.013699
19 0.928571 0.690535 0.046429 0.013699
9 0.252679 0.306351 0.416071 0.062267
10 0.174107 0.265255 0.258929 0.017435
11 0.213393 0.120797 0.048214 0.042341
