13 0.877261 0.784946 0.173127 0.019355
14 0.131783 0.335484 0.186047 0.073118
15 0.176357 0.272043 0.275194 0.023656
2 0.176357 0.272043 0.275194 0.023656
3 0.916667 0.120430 0.094315 0.017204
4 0.927649 0.055914 0.069767 0.015054
5 0.919251 0.740323 0.086563 0.016129
6 0.919897 0.528495 0.087855 0.016129
7 0.158915 0.540323 0.240310 0.039785
16 0.839147 0.529032 0.014212 0.012903
17 0.729328 0.529032 0.076227 0.015054
6 0.919251 0.595699 0.086563 0.015054
7 0.148579 0.607527 0.219638 0.040860
16 0.839147 0.595699 0.014212 0.015054
17 0.728682 0.595699 0.077519 0.015054
18 0.919897 0.668280 0.087855 0.016129
19 0.923773 0.695699 0.077519 0.015054
9 0.397287 0.097312 0.277778 0.069892
10 0.452842 0.032258 0.391473 0.027957
11 0.126615 0.089785 0.108527 0.048387
