13 0.883688 0.933081 0.158865 0.020202
14 0.095745 0.437500 0.123404 0.079545
15 0.136879 0.369949 0.205674 0.027778
2 0.136879 0.369949 0.205674 0.027778
3 0.912766 0.132576 0.100709 0.017677
4 0.923404 0.065025 0.079433 0.016414
5 0.924113 0.880051 0.078014 0.017677
6 0.924113 0.649621 0.078014 0.016414
7 0.105674 0.698232 0.146099 0.113636
16 0.838298 0.648990 0.014184 0.015152
17 0.727660 0.649621 0.076596 0.016414
18 0.924113 0.801136 0.078014 0.016414
19 0.930496 0.833965 0.065248 0.016414
9 0.456738 0.157828 0.283688 0.042929
10 0.471631 0.070707 0.313475 0.095960
11 0.211348 0.132576 0.153191 0.040404
