13 0.879794 0.859477 0.172566 0.022222
14 0.186578 0.364052 0.293510 0.077124
15 0.173304 0.294771 0.269912 0.024837
2 0.173304 0.294771 0.269912 0.024837
3 0.912979 0.132680 0.109145 0.019608
4 0.931416 0.064052 0.069322 0.018301
5 0.921829 0.805882 0.088496 0.019608
6 0.922566 0.573856 0.087021 0.018301
7 0.261062 0.586275 0.442478 0.045752
16 0.841445 0.573203 0.013274 0.014379
17 0.731563 0.573203 0.076696 0.016993
6 0.921829 0.648366 0.088496 0.018301
7 0.191740 0.659477 0.306785 0.043137
16 0.842183 0.648366 0.011799 0.015686
17 0.731563 0.649673 0.076696 0.018301
18 0.922566 0.726797 0.087021 0.018301
19 0.926991 0.756209 0.078171 0.019608
9 0.466077 0.130065 0.318584 0.045752
10 0.452802 0.060131 0.292035 0.060131
11 0.160767 0.095425 0.235988 0.128105
