13 0.899048 0.876781 0.160000 0.018519
14 0.117143 0.368946 0.158095 0.065527
15 0.132381 0.310541 0.188571 0.019943
2 0.132381 0.310541 0.188571 0.019943
3 0.927619 0.109687 0.102857 0.014245
4 0.938095 0.051282 0.078095 0.014245
5 0.939048 0.831909 0.080000 0.017094
6 0.946667 0.548433 0.064762 0.014245
7 0.076190 0.558405 0.080000 0.034188
16 0.848571 0.549145 0.024762 0.012821
17 0.751429 0.549145 0.055238 0.015670
6 0.946667 0.610399 0.064762 0.015670
7 0.059048 0.609687 0.041905 0.014245
16 0.849524 0.610399 0.022857 0.012821
17 0.751429 0.610399 0.055238 0.015670
6 0.940000 0.654558 0.078095 0.015670
7 0.129524 0.666667 0.182857 0.037037
16 0.848571 0.654558 0.020952 0.012821
17 0.751429 0.653846 0.055238 0.014245
6 0.939048 0.718661 0.080000 0.015670
7 0.064762 0.718661 0.053333 0.015670
16 0.848571 0.717949 0.024762 0.014245
17 0.751429 0.718661 0.055238 0.015670
18 0.939048 0.763533 0.080000 0.017094
19 0.945714 0.788462 0.066667 0.015670
9 0.466667 0.131054 0.289524 0.037037
10 0.481905 0.055556 0.320000 0.079772
11 0.217143 0.108974 0.152381 0.032764
