13 0.879875 0.775776 0.171607 0.023602
14 0.183307 0.329814 0.294852 0.068323
15 0.170827 0.267081 0.269891 0.022360
2 0.170827 0.267081 0.269891 0.022360
3 0.911856 0.121118 0.107644 0.016149
4 0.930577 0.058385 0.070203 0.014907
5 0.922777 0.729193 0.088924 0.014907
6 0.922777 0.518012 0.088924 0.014907
7 0.176287 0.530435 0.280811 0.039752
16 0.840874 0.518012 0.012480 0.012422
17 0.730109 0.518012 0.078003 0.014907
6 0.921217 0.586335 0.088924 0.014907
7 0.177847 0.596273 0.283931 0.037267
16 0.841654 0.585714 0.014041 0.013665
17 0.730109 0.586335 0.078003 0.014907
18 0.922777 0.657143 0.088924 0.014907
19 0.926677 0.683851 0.078003 0.016149
9 0.462559 0.119255 0.319813 0.039752
10 0.451638 0.055901 0.294852 0.057143
11 0.156786 0.086335 0.241810 0.113043
