13 0.880147 0.802567 0.172059 0.020782
14 0.189706 0.339853 0.294118 0.070905
15 0.175735 0.275061 0.269118 0.022005
2 0.175735 0.275061 0.269118 0.022005
3 0.913235 0.123472 0.108824 0.017115
4 0.930882 0.058680 0.070588 0.017115
5 0.922794 0.751834 0.086765 0.017115
6 0.922794 0.534841 0.086765 0.015892
7 0.263235 0.547066 0.441176 0.042787
16 0.842647 0.534841 0.011765 0.013447
17 0.732353 0.534841 0.076471 0.015892
6 0.922794 0.605746 0.086765 0.015892
7 0.195588 0.616137 0.305882 0.039120
16 0.842647 0.605746 0.011765 0.013447
17 0.733088 0.606357 0.077941 0.017115
18 0.922794 0.679095 0.092647 0.033007
19 0.927206 0.706601 0.080882 0.029340
9 0.466176 0.120416 0.317647 0.042787
10 0.454412 0.055623 0.291176 0.055012
11 0.163235 0.089242 0.238235 0.127139
